{
    "007522062003": {
        "X_WT": [
            [
                0.9347020489114631,
                -0.1614224382503307,
                0.3166620851791873,
                0.1811350275643706
            ],
            [
                -0.3459978606519498,
                -0.617141419869528,
                0.7066979187076307,
                0.7151877911867861
            ],
            [
                0.0813483877221094,
                -0.7701163965990733,
                -0.6326951679160133,
                -0.5680238221267291
            ],
            [
                0.0,
                0.0,
                0.0,
                1.0
            ]
        ]
    },
    "327122076541": {
        "X_WT": [
            [
                0.3443453725792861,
                0.6474088905037069,
                -0.6799176368355154,
                -0.6728325250849189
            ],
            [
                0.938062571737514,
                -0.26678053082610004,
                0.2210582725829229,
                0.4649003237898807
            ],
            [
                -0.03827369708343026,
                -0.7139256802139168,
                -0.699174690075851,
                -0.5984960466413239
            ],
            [
                0.0,
                0.0,
                0.0,
                1.0
            ]
        ]
    },
    "313522070442": {
        "X_WT": [
            [
                0.3354961976600152,
                -0.6194158869323808,
                0.7097649331796013,
                1.0587874642542712
            ],
            [
                -0.9417469836971878,
                -0.2016877817099256,
                0.2691368748540012,
                0.28180579772365544
            ],
            [
                -0.023556741135412854,
                -0.7587133831195423,
                -0.650998527050851,
                -0.5497258649435294
            ],
            [
                0.0,
                0.0,
                0.0,
                1.0
            ]
        ]
    }
}